
GammaVision spectrum printed on 08/02/2019 at 10:19:54
>INa MCB 1 Input 1                                                                                                                   
>Fondo cerrado                                                                                                                       
    0:          0         0         0         0         0         0         0         0        36       367       905      1293
   12:       1717      2049      2052      1898      2077      2214      2481      2654      2622      2287      1940      1663
   24:       1477      1405      1417      1382      1419      1317      1544      1383      1408      1450      1438      1498
   36:       1478      1482      1476      1519      1544      1561      1598      1553      1694      1731      1814      1901
   48:       2125      2264      2467      2647      2802      2787      2622      2548      2429      2182      1944      1749
   60:       1580      1368      1298      1161      1085      1017       889       823       754       696       662       604
   72:        489       508       523       451       407       383       360       313       338       341       347       383
   84:        431       455       550       696       761       968      1160      1400      1610      1826      1959      2108
   96:       2268      2440      2479      2492      2378      2193      2043      1961      1614      1451      1229      1045
  108:        951       786       710       612       547       530       442       404       358       352       317       276
  120:        279       268       247       241       206       185       184       169       165       157       178       186
  132:        184       165       162       151       171       172       170       164       184       163       180       159
  144:        173       169       165       173       193       158       164       187       167       182       193       199
  156:        211       185       232       220       175       217       207       203       216       225       190       187
  168:        176       179       152       140       132       120       117       108       107        97        90        84
  180:         66        73        69        45        75        56        65        50        68        65        78        64
  192:         61        79        69        91        81        83        95        88        99        82        78        95
  204:         77        76       116        82        93        94        79        79        80        61        78        57
  216:         64        57        60        45        54        36        47        47        30        34        27        20
  228:         28        16        24        26        19        20        10        10        18        16        10        20
  240:         16        11         7         8         7         9         8         7         6         4         4         7
  252:          8         7         7         6         4         5         2         5         5         2         3         3
  264:          3         2         1         5         1         1         1         4         2         3         1         1
  276:          2         4         0         0         4         1         2         3         1         1         2         2
  288:          2         3         1         4         0         0         1         0         2         4         0         1
  300:          1         0         5         0         0         1         1         1         0         0         2         2
  312:          1         0         0         0         1         3         2         1         3         0         2         2
  324:          4         1         1         2         1         3         0         1         1         1         2         1
  336:          1         0         0         0         1         1         1         0         1         3         0         0
  348:          0         0         2         1         1         1         1         2         2         2         2         1
  360:          2         1         1         0         1         0         2         1         1         0         1         2
  372:          0         0         0         1         2         3         0         2         0         0         1         1
  384:          1         0         0         1         0         2         0         1         2         0         0         1
  396:          1         0         1         0         0         2         0         0         1         0         1         0
  408:          0         0         0         0         0         0         0         1         1         1         2         0
  420:          0         1         2         0         0         0         1         0         1         1         1         1
  432:          0         1         0         0         0         1         0         0         1         1         0         0
  444:          1         1         1         0         0         0         0         2         0         1         2         1
  456:          1         0         0         0         0         1         1         0         1         0         0         0
  468:          0         2         1         0         0         0         0         0         0         1         0         0
  480:          0         2         1         0         0         1         1         1         0         0         2         0
  492:          2         0         0         0         1         1         0         2        46        44        63        61
  504:         54        62        68        57        57        64        47        52