
GammaVision spectrum printed on 08/02/2019 at 10:20:06
>INa MCB 1 Input 1                                                                                                                   
>Fondo cerrado                                                                                                                       
    0:          0         0         0       247       507       364       286       202       184       192       241       313
   12:        387       431       408       417       336       351       361       355       352       344       384       329
   24:        317       321       334       289       324       322       300       292       275       277       257       265
   36:        207       247       254       212       214       211       167       178       167       197       175       128
   48:        180       156       134       148       139       132       120       123       107       131       115       114
   60:        104        93        97        93       107        82        91        86        90        67        87        83
   72:         87        78        89        65        72        74        78        78        85        76        64        66
   84:         67        79        75        68        74        68        69        72        67        61        52        58
   96:         60        68        59        55        49        52        43        39        51        51        56        49
  108:         58        43        43        51        35        44        34        63        36        33        43        40
  120:         40        38        25        23        37        35        33        39        42        43        49        39
  132:         39        28        35        29        42        35        39        40        30        29        34        35
  144:         37        44        40        31        23        25        32        23        31        24        32        22
  156:         22        29        30        29        27        28        22        25        29        17        31        23
  168:         38        25        25        28        24        19        18        20        17        19        18        21
  180:         13        19        19        16        23        25        13        14        17        15        21        23
  192:         20        21        20        16        17        14        21        19        27        18        26        22
  204:         28        26        28        26        31        24        28        18        31        24        27        25
  216:         28        19        21        25        22        18        20        16        26        18         9        17
  228:         23        17        18        14        16         8        15        10        11        15        16        11
  240:         13        18        12        17        12         7        14        12         9         9        12         8
  252:         10         2        11         5         9        10         5         3         9        11         7        12
  264:          5         6         5         1         7        14         6         6         3         4         7         8
  276:          7         7         5         5         6         8         4         6         4         4         7         5
  288:          6         7         3         6         4         6         5         5         8         2         5         7
  300:          0         4         6        10         2         2         6         6         5         1         6         8
  312:          2         1         1         3         6         5         4         2         5         3         2         0
  324:          3         5         2         2         7         3         6         2         7         3         6         1
  336:          7         4         5         2         6         5         2         2         7         5         3         4
  348:          3         4         2         2         3         3         2         1         7         2         4         3
  360:          5         4         4         4         7         1         0         2         5         4         1         4
  372:          3         3         2         3         6         0         4         6         2         4         3         2
  384:          5         2         5         1         2         4         3         3         2         2         1         4
  396:          4         2         4         4         1         1         2         1         0         4         0         5
  408:          1         0         3         1         0         1         1         2         1         2         0         3
  420:          0         3         3         2         4         3         1         1         4         2         1         1
  432:          1         1         2         4         1         0         2         3         1         2         1         1
  444:          3         2         0         0         2         0         0         1         0         2         3         0
  456:          1         0         1         0         0         3         0         0         5         3         2         0
  468:          6         1         2         2         1         0         3         3         3         0         1         1
  480:          0         2         2         0         1         1         1         1         1         1         2         1
  492:          2         4         0         0         1         0         0         4       154       143       135       130
  504:        161       145       151       145       135       154       131       126