
GammaVision spectrum printed on 08/02/2019 at 10:20:17
>INa MCB 1 Input 1                                                                                                                   
>Fondo cerrado                                                                                                                       
    0:          0         0         0      8628     11285      6465      3622      2312      1723      1544      1445      1469
   12:       1406      1481      1480      1386      1330      1256      1270      1199      1229      1189      1282      1235
   24:       1294      1297      1275      1359      1324      1454      1461      1431      1473      1414      1513      1503
   36:       1500      1450      1484      1499      1496      1439      1461      1430      1367      1350      1363      1329
   48:       1346      1379      1223      1258      1256      1264      1195      1180      1209      1122      1081      1040
   60:       1033      1023       952       958       941       938       925       922       844       925       877       907
   72:        894       927       945       950       935       906       875       874       862       842       845       827
   84:        792       783       805       728       761       790       734       755       726       759       683       732
   96:        675       649       665       700       633       623       623       593       611       578       563       536
  108:        531       540       511       495       504       492       470       469       499       483       443       454
  120:        507       460       446       452       432       422       430       433       420       381       372       377
  132:        376       420       375       346       392       416       387       376       359       378       385       386
  144:        352       351       360       359       343       397       335       378       352       333       339       350
  156:        326       314       367       337       325       306       322       300       308       337       282       314
  168:        302       290       325       317       295       283       291       258       258       276       260       276
  180:        251       266       267       265       233       257       238       275       263       248       239       244
  192:        235       218       238       232       228       217       247       221       247       252       249       253
  204:        257       248       244       246       253       266       238       215       237       222       226       231
  216:        228       206       205       218       203       210       185       220       196       207       180       197
  228:        189       174       191       172       158       169       167       179       160       173       148       150
  240:        167       147       161       138       158       156       134       150       152       150       139       148
  252:        148       147       142       122       138       128       133       105       116       110        89       110
  264:        146       115       100       100       117        84       108       115       121        87       109        98
  276:         85        92        94        96        90       107        86        85        82        99        82        96
  288:         63        78       106        78        73        82        72        78        84        80        75        75
  300:         66        76        60        65        77        66        85        79        76        76        70        98
  312:         70        77        73        66        76        76        67        82        70        73        64        60
  324:         63        49        71        51        60        83        75        51        75        60        71        50
  336:         53        55        56        53        62        54        48        49        52        41        47        43
  348:         51        52        51        54        46        61        53        47        45        54        57        51
  360:         47        50        37        51        53        41        63        56        61        47        43        44
  372:         59        59        48        54        53        51        57        49        43        40        44        42
  384:         44        52        62        36        46        46        47        40        45        48        44        39
  396:         45        47        47        50        51        42        49        52        46        42        47        41
  408:         51        35        46        48        46        53        43        44        46        52        37        41
  420:         40        40        35        48        36        31        41        37        29        35        44        27
  432:         43        27        36        32        32        43        29        27        28        37        30        37
  444:         30        47        37        42        35        38        42        42        44        40        32        37
  456:         39        47        46        46        41        52        42        52        49        57        56        30
  468:         43        31        35        48        42        44        37        33        42        33        47        38
  480:         44        38        41        39        28        39        49        36        38        39        37        35
  492:         30        30        33        44        43        25        38        26      4777      4911      4746      4794
  504:       4738      4774      4813      4688      4777      4883      4693      4430