
GammaVision spectrum printed on 06/03/17 at 18:31:10
>ALUIS MCB 1 Input 2                                                                                                                 
>muestra patrón                                                                                                                      
    0:          0         0         0         0         0         0         0         0         0         0         0         0
   12:          0         0         0         0         0         0         0         0         0         0         0         0
   24:          0         0         0         0         0         0         0         0         0         0         0         0
   36:          0         0         0         0         0         0         0         0         0         0         0         0
   48:          0         0         0         0         0        78       156       169       185       201       274       189
   60:        195       162       168       153       162       153       160       175       170       133       145       163
   72:        118       135       130       130       129       122       135       100       140       127       125       118
   84:        100       128       105       119        94       103        94       115       100        79        98       103
   96:         85        86       101       100        75        97       101       102       101        83        95        99
  108:         78        69        92        95        92       104        84       100       110        95       109       115
  120:        113       121       110       125       139       191       788      1844      1006       184        72        70
  132:         74        68        56        63        61        64        71        63        58        65        71        69
  144:         75        72        63        69        57        65        65        74        73        52        75        70
  156:         67        51        63        75        61        72        70        70        43        72        63        61
  168:         68       102       181       152        93        58        54        73        68        60        61        59
  180:         62        57        76        64        45        52        62        65        64        68        73        58
  192:         72        60        70        62        73        62        52        50        53        58        61        59
  204:         41        62        60        58        60        52        70        66        57        64        61        60
  216:         59        66        57        52        52        74       152        87        77        57        49        50
  228:         50        52        56        52        68        58        53        39        60        58        58        58
  240:         60        79        64        56        65        65        53        47        69        53        59        49
  252:         62        62        57        59        53        70        62        62        39        52        43        53
  264:         50        61        73        66        66        62        56        51        57        50        62        46
  276:         47        61        48        61        58        59        53        62        56        67        55        62
  288:         61        57        53        57        43        54        44        55        49        52        66        57
  300:         45        59        69        71        51        60        59        53        51        55        50        61
  312:         62        71        58        66        59        63        78        67        54        66        58        55
  324:         63        61        63        55        51        66        58        53        59        63        49        50
  336:         60        62        85        53        50        64        66        49        61        46        54        57
  348:         58        61        67        77        49        64        62        58        54        83        58        72
  360:         61        57        64        64        57        55        61        77        68        54        75        55
  372:         64        88        64        66        53        66        62        56        66        53        53        64
  384:         49        61        73        51        58        76        58        73        54        55        55        53
  396:         51        54        60        68        66        64        54        58        61        61        52        55
  408:         55        52        44        46        46        50        62        56        55        67        58        55
  420:         57        50        55        58        43        45        55        46        53        63        56        66
  432:         48        45        52        56        44        54        52        55        57        50        74        53
  444:         51        59        62        42        55        54        39        42        43        55        49        60
  456:         52        51        67        45        51        56        49        46        58        49        42        53
  468:         42        61        37        55        52        56        59        52        50        49        51        44
  480:         43        57        45        51        62        59        54        37        51        55        41        39
  492:         49        49        63        47        60        44        42        46        44        48        55        49
  504:         48        50        43        62        44        61        38        52        53        53        45        56
  516:         57        35        49        63        59        60        51        46        51        52        42        57
  528:         54        55        44        59        50        48        50        52        46        50        41        53
  540:         44        38        38        48        48        52        48        57        45        43        54        41
  552:         38        52        45        57        52        48        45        40        37        52        42        62
  564:         43        48        46        51        54        47        65        49        53        61        40        41
  576:         52        58        44        61        38        52        53        53        41        45        59        54
  588:         53        52        49        50        63        43        52        37        33        44        48        38
  600:         40        44        45        40        56        45        52        62        55        40        52        44
  612:         41        51        50        57        57        59        47        59        57        51        40        47
  624:         46        35        60        44        56        48        47        59        54        63        66        58
  636:         61        54        55        43        50        61        44        56        46        45        52        73
  648:         43        49        42        35        52        57        64        53        51        53        47        43
  660:         41        45        45        55        43        59        50        48        48        66        41        54
  672:         55        53        38        39        44        48        52        45        59        44        54        37
  684:         58        59        54        54        52        62        56        41        49        65        48        38
  696:         58        52        47        57        55        51        44        58        63        61        38        64
  708:         52        50        53        51        55        57        53        54        69        51        57        51
  720:         54        68        62        76        60        65        76        60        71        50        49        70
  732:         61        48        55        58        56        82        65        51        53        62        58        69
  744:         63        74        62        65        66        63        54        59        56        64        56        64
  756:         63        57        51        60        54        49        48        47        58        59        46        46
  768:         46        31        54        38        49        48        31        50        56        37        39        33
  780:         41        40        58        49        38        38        43        46        35        32        42        34
  792:         37        51        35        45        37        37        38        38        31        32        42        31
  804:         30        30        44        44        37        33        42        41        32        37        43        35
  816:         39        33        25        28        24        33        39        37        38        35        35        18
  828:         32        37        29        35        30        32        23        27        29        35        34        31
  840:         28        26        31        37        29        25        30        30        44        30        38        27
  852:         28        31        25        27        31        27        25        29        22        46        32        31
  864:         28        26        23        27        35        34        24        24        32        27        31        27
  876:         34        27        21        27        37        23        37        25        27        23        25        31
  888:         21        32        20        30        21        30        33        23        33        26        24        30
  900:         44        29        27        29        28        28        23        25        32        22        24        25
  912:         36        20        29        26        31        26        31        16        32        23        27        19
  924:         30        28        25        22        26        32        36        29        17        23        28        24
  936:         17        25        17        21        29        17        23        31        18        16        29        33
  948:         15        23        17        26        25        20        16        26        21        21        21        33
  960:         20        33        21        33        24        18        26        18        18        29        31        24
  972:         21        31        36        26        23        34        28        30        22        28        27        30
  984:         26        24        25        30        21        27        30        31        31        21        33        21
  996:         22        25        30        25        19        23        23        36        30        28        21        30
 1008:         19        24        26        26        28        29        16        32        22        14        24        22
 1020:         22        26        26        21        31        22        24        25        19        30        25        27
 1032:         31        26        35        29        19        26        25        92       510      1817      2388      1374
 1044:        308        46        28        23        17        22        21        24        19        23        11        22
 1056:         20        20        25        18        23        29        23        24        17        20        19        18
 1068:         22        20        25        17        20        18        21        27        20        14        21        21
 1080:         19        24        21        19        33        28        21        23        18        29        24        25
 1092:         20        18        27        27        21        13        18        28        19        24        21        25
 1104:         22        22        21        22        25        21        24        18        26        18        26        16
 1116:         26        20        27        24        31        19        24        27        25        27        24        27
 1128:         23        20        23        18        14        21        27        21        16        21        18        23
 1140:         35        21        16        36        27        28        21        21        21        24        29        22
 1152:         15        22        19        28        28        21        25        18        19        23        17        20
 1164:         20        27        19        22        33        27        21        27        18        27        35        22
 1176:         22        20        22        25        31        19        22        29        23        22        26        30
 1188:         23        23        22        24        24        20        26        23        29        15        21        16
 1200:         27        19        28        22        21        19        24        14        26        32        20        27
 1212:         19        24        21        24        23        26        25        21        23        20        30        27
 1224:         26        21        26        17        27        19        31        22        24        24        24        23
 1236:         35        31        17        32        34        19        20        20        35        28        21        28
 1248:         24        23        38        21        24        32        23        27        18        27        30        39
 1260:         23        20        27        27        26        34        32        28        17        27        25        23
 1272:         21        28        36        26        18        24        30        29        30        27        26        32
 1284:         27        24        38        18        25        19        24        30        26        25        31        17
 1296:         31        33        28        24        27        26        29        24        28        34        37        22
 1308:         29        29        28        28        30        28        26        24        33        36        26        30
 1320:         27        28        24        23        22        30        17        25        26        30        17        16
 1332:         28        27        28        31        29        27        19        34        26        29        20        33
 1344:         20        29        33        30        34        21        36        27        30        34        30        31
 1356:         33        35        25        32        27        33        28        33        31        37        28        33
 1368:         24        38        25        24        26        29        32        26        24        35        37        41
 1380:         40        28        32        29        26        20        23        34        38        39        32        31
 1392:         32        34        32        28        42        28        32        24        38        27        36        31
 1404:         24        28        33        31        34        37        36        42        28        24        22        35
 1416:         37        52        38        38        50        32        44        28        48        29        31        31
 1428:         44        32        32        30        32        30        37        27        41        42        37        33
 1440:         34        37        38        38        34        38        46        36        41        40        34        33
 1452:         45        29        39        41        24        26        32        40        35        36        43        36
 1464:         39        38        28        35        35        37        35        42        54        33        41        41
 1476:         28        35        40        43        40        31        34        34        39        28        29        47
 1488:         49        40        38        38        28        38        31        40        28        47        38        45
 1500:         37        38        28        43        34        33        33        31        29        19        38        25
 1512:         33        32        23        19        30        26        19        43        25        32        21        38
 1524:         31        35        34        28        25        31        44        28        20        28        27        27
 1536:         33        26        27        29        29        18        28        29        27        20        35        29
 1548:         28        25        22        25        33        26        25        25        36        23        22        25
 1560:         27        29        17        25        24        30        18        35        21        21        26        22
 1572:         24        30        16        27        34        26        38        23        24        26        26        24
 1584:         34        33        27        15        23        23        31        20        28        35        41        30
 1596:         17        24        27        29        21        26        23        29        29        23        23        34
 1608:         21        28        31        25        27        21        28        31        23        15        33        21
 1620:         22        19        29        20        21        25        20        28        18        22        24        25
 1632:         18        26        28        26        18        23        26        19        32        27        29        34
 1644:         22        19        28        17        19        18        26        23        23        23        30        23
 1656:         22        24        18        26        29        17        24        37        27        29        26        21
 1668:         20        28        22        30        32        25        24        28        23        28        28        25
 1680:         25        25        23        29        26        27        32        21        20        22        21        24
 1692:         26        24        26        15        18        27        26        20        23        21        24        17
 1704:         24        29        25        17        32        24        27        27        18        28        23        31
 1716:         37        29        21        22        18        26        22        24        18        21        26        18
 1728:         31        22        30        25        31        29        15        22        25        17        22        20
 1740:         21        17        19        19        21         9        20        22        17        13        22        17
 1752:         22        10        17        11        17         9        19        13        25        18        10        13
 1764:         16        18        16         9        19        15        15        15        18         9        10        18
 1776:         12        13        17        17        16        12        10        17        15        11        12        14
 1788:         13        19        14        14        16        14        18        14        14        18        11        21
 1800:         12        16        15        11        17        10        14        10        12        15        16        15
 1812:         14        17        13        24        78       322       876      1262       901       335        74        14
 1824:          7        17        10        10        16        14        10         9         7         9         6        10
 1836:          3         8        11         9         1        16         9         6        10         7         4         6
 1848:          3         5         6        11        12        12         7         9         6        11         7        10
 1860:          9         5         9         8         6         6        13         5        10         3         9         5
 1872:          5         4        10         5         3         8         5         5        12         6         6         1
 1884:          4         4         3         6         6         1         7         5         3         7         4         6
 1896:          8         2         5         5        11         4         5         3         6         5         2         3
 1908:          7         2        11         4         4         5         3         3         4         2         2         9
 1920:          8         5         4         7         7         2         3         6         2         5         3         3
 1932:          3         3         7         4         5         5         7         4         4         1         1         2
 1944:          5         2         2         5         5         4         4         0         4         4         4         1
 1956:          4         5         3         7         3         3         2         2         5         5         3         3
 1968:          4         6         2         6         3         4         3         5         2         2         2         1
 1980:          3         5         4         4         5         5         5         4         4         1         7         2
 1992:          3         3         4         7         4         2         1         5         4         5         7         3
 2004:          5         5         3         1         3         5         0         3         5         5         3         3
 2016:          1         1         1         4         6         2         3         3         3         2         0         2
 2028:          1         3         6         6         2         0         7         5         2         7         2         5
 2040:          3         2         4         2         5         3         5         5         2         2         7         3
 2052:          4         3         6         4         7        14        53       265       742      1036       880       399
 2064:         80        22         8         1         1         0         3         1         3         2         0         3
 2076:          3         0         0         1         3         0         2         5         2         2         2         0
 2088:          4         2         3         0         1         4         2         1         2         0         2         2
 2100:          0         1         1         1         0         2         2         2         0         1         3         1
 2112:          2         1         5         1         4         7         2         4         1         0         2         1
 2124:          3         1         1         2         2         4         1         1         0         1         0         4
 2136:          1         1         1         0         1         1         1         1         0         2         1         0
 2148:          3         0         3         1         2         3         2         0         1         0         2         1
 2160:          0         1         3         1         4         2         1         3         2         1         1         0
 2172:          1         3         2         1         2         1         2         1         0         2         0         2
 2184:          2         1         3         1         5         1         2         3         1         3         2         0
 2196:          0         1         2         0         0         1         1         2         2         3         0         0
 2208:          1         3         2         1         2         2         1         3         1         1         2         2
 2220:          3         1         2         2         1         4         0         0         0         1         2         4
 2232:          2         1         0         2         3         1         2         2         2         1         0         0
 2244:          0         1         3         0         1         1         2         3         1         2         1         1
 2256:          8         5         3         2         1         1         0         0         2         3         0         1
 2268:          1         1         0         1         0         1         1         3         1         3         4         2
 2280:          1         0         1         3         2         2         0         0         0         2         3         1
 2292:          1         2         0         1         1         1         2         2         0         2         0         0
 2304:          1         4         1         1         4         1         0         1         0         1         1         0
 2316:          5         1         3         1         1         0         0         1         1         4         0         3
 2328:          3         0         1         0         2         3         1         6         2         1         0         1
 2340:          2         0         0         2         0         1         1         0         3         2         0         0
 2352:          1         1         2         1         0         2         2         1         1         1         0         2
 2364:          1         3         1         1         1         3         1         0         0         0         1         2
 2376:          1         2         1         2         4         2         1         0         2         2         2         1
 2388:          2         0         2         1         1         1         0         1         1         1         1         1
 2400:          1         2         1         3         2         1         3         0         2         1         2         2
 2412:          0         1         2         1         4         0         0         1         1         2         0         2
 2424:          0         2         0         3         0         1         1         0         2         1         2         1
 2436:          0         4         0         0         1         1         2         2         2         2         0         1
 2448:          1         2         1         0         1         0         1         1         0         5         2         1
 2460:          1         2         0         1         1         1         0         0         1         2         2         4
 2472:          0         0         1         3         0         4         1         1         4         1         2         1
 2484:          0         1         1         1         2         1         0         1         2         0         1         1
 2496:          3         0         3         1         4         2         0         1         0         0         2         0
 2508:          0         2         0         3         0         0         0         1         0         4         0         1
 2520:          3         0         2         3         3         1         1         1         2         3         0         1
 2532:          4         3         0         1         1         1         4         2         0         1         0         1
 2544:          2         1         0         1         0         0         0         1         1         1         3         0
 2556:          1         1         2         1         0         1         4         1         1         1         1         1
 2568:          1         3         1         2         1         1         1         1         0         1         2         1
 2580:          0         1         1         1         3         1         2         1         2         2         0         0
 2592:          2         1         2         1         1         2         1         0         3         0         0         0
 2604:          4         0         1         0         1         1         1         1         4         0         0         0
 2616:          2         1         0         1         2         0         1         2         0         0         2         0
 2628:          2         1         1         3         0         1         1         0         2         0         2         4
 2640:          0         2         0         1         0         0         0         1         3         0         1         1
 2652:          0         3         1         2         0         0         1         0         1         1         0         2
 2664:          2         1         1         3         0         1         3         1         1         0         4         0
 2676:          0         0         1         2         1         3         1         1         0         1         2         2
 2688:          2         1         1         2         0         0         2         4         4         1         1         1
 2700:          2         0         1         2         2         0         1         0         1         0         2         1
 2712:          4         1         3         1         3         2         2         2         3         1         0         1
 2724:          0         2         1         1         1         5         3         1         0         0         3         0
 2736:          0         0         0         2         4         1         1         0         1         0         1         1
 2748:          0         2         0         0         0         1         3         1         2         1         1         2
 2760:          2         1         0         1         0         1         0         1         1         0         0         0
 2772:          2         0         2         0         1         0         3         2         2         2         2         1
 2784:          2         1         1         0         0         5         0         1         2         0         0         0
 2796:          0         2         1         0         1         3         1         1         0         1         1         2
 2808:          1         1         1         2         0         1         0         0         1         0         2         1
 2820:          1         0         0         2         0         0         1         0         0         0         0         1
 2832:          0         3         0         1         2         0         1         1         3         2         2         5
 2844:          3         0         0         1         0         1         0         1         2         2         0         2
 2856:          1         1         3         5         0         0         1         0         0         1         3         1
 2868:          1         4         2         1         0         3         1         3         0         1         0         0
 2880:          4         1         2         1         1         0         1         0         2         1         1         0
 2892:          2         2         0         1         0         0         0         2         1         1         0         1
 2904:          1         0         0         1         0         1         2         0         0         0         1         0
 2916:          0         1         0         0         2         0         0         1         0         1         0         1
 2928:          0         1         1         2         1         1         0         1         0         0         1         1
 2940:          1         4         5         3         1         2         0         1         0         1         0         1
 2952:          1         1         2         0         1         0         0         0         1         2         3         1
 2964:          2         0         1         1         1         0         1         1         2         1         0         2
 2976:          0         2         1         2         1         5         1         4         0         0         1         2
 2988:          1         0         0         0         0         1         0         3         1         0         1         0
 3000:          0         2         1         1         1         2         1         4         0         1         0         0
 3012:          0         0         1         2         1         1         0         1         1         0         0         2
 3024:          0         1         1         0         1         2         1         0         0         1         4         1
 3036:          0         2         0         0         0         1         1         1         2         0         0         1
 3048:          0         0         0         1         1         1         1         0         0         1         0         1
 3060:          2         0         1         1         1         0         0         1         3         0         1         1
 3072:          1         0         0         1         1         2         0         0         0         0         0         2
 3084:          0         3         0         1         1         1         1         1         0         1         1         1
 3096:          0         1         0         0         0         0         0         0         0         0         1         1
 3108:          2         0         1         0         2         1         2         0         3         1         0         0
 3120:          0         2         1         3         0         0         1         2         0         1         1         1
 3132:          1         1         1         1         1         0         2         1         1         0         1         1
 3144:          0         0         0         0         1         1         1         0         2         1         2         1
 3156:          0         0         0         0         0         2         0         1         1         0         2         0
 3168:          1         1         0         3         0         0         0         1         0         1         1         1
 3180:          1         1         1         1         2         0         1         1         1         2         0         0
 3192:          0         1         0         0         0         0         4         0         0         0         1         1
 3204:          0         0         1         0         1         0         0         0         1         0         2         1
 3216:          0         1         1         0         0         0         3         1         1         0         0         0
 3228:          2         0         1         0         0         0         0         2         0         1         2         2
 3240:          0         0         1         1         2         3         0         0         2         2         0         0
 3252:          1         0         1         2         0         1         1         1         0         1         0         1
 3264:          0         1         1         1         0         1         0         0         0         2         0         1
 3276:          0         0         0         0         0         0         0         1         2         1         0         2
 3288:          0         0         1         0         0         0         3         1         1         2         0         1
 3300:          1         0         0         0         0         0         0         1         1         1         2         2
 3312:          0         1         1         0         3         0         0         1         1         0         2         0
 3324:          1         0         1         1         1         1         0         0         0         1         1         1
 3336:          0         0         0         0         0         0         0         0         1         1         2         1
 3348:          0         2         0         1         0         2         2         0         1         1         1         1
 3360:          0         0         1         1         0         1         1         2         1         0         0         1
 3372:          0         0         0         3         0         1         0         0         0         0         0         1
 3384:          2         3         1         0         2         2         0         2         2         0         0         1
 3396:          0         0         0         1         0         1         2         0         0         0         0         2
 3408:          2         0         2         1         0         1         0         0         1         0         1         2
 3420:          3         2         1         1         0         0         0         0         0         0         0         0
 3432:          1         2         1         0         0         0         1         1         0         0         0         2
 3444:          0         0         0         2         0         0         1         1         2         1         1         0
 3456:          1         1         2         1         1         1         1         0         0         0         0         0
 3468:          0         1         2         1         0         1         0         0         1         2         0         3
 3480:          0         1         1         1         2         2         1         1         2         1         0         1
 3492:          1         2         1         2         1         1         0         1         1         0         0         1
 3504:          2         0         0         0         4         1         2         1         1         1         0         1
 3516:          0         2         0         2         1         1         2         1         2         1         1         0
 3528:          0         0         2         0         0         0         2         0         0         0         1         1
 3540:          3         1         0         0         0         0         0         2         1         1         0         1
 3552:          0         0         1         0         0         1         0         1         0         1         0         2
 3564:          0         1         1         0         0         2         1         0         1         0         0         0
 3576:          0         1         0         0         1         0         0         0         0         0         0         2
 3588:          0         0         0         0         0         0         1         0         1         0         1         2
 3600:          1         0         1         0         0         0         1         1         0         1         0         0
 3612:          0         2         0         0         0         0         0         0         0         1         1         0
 3624:          0         0         0         0         0         0         0         2         0         0         0         2
 3636:          0         2         0         0         1         0         0         0         1         1         0         0
 3648:          1         0         0         1         0         0         1         0         1         0         0         0
 3660:          2         1         0         1         0         0         0         1         0         0         0         0
 3672:          0         0         0         1         0         0         0         0         0         0         1         0
 3684:          0         0         0         0         1         0         0         0         0         0         1         0
 3696:          0         0         0         0         0         0         0         0         0         0         0         0
 3708:          1         1         0         0         0         0         0         0         0         0         1         0
 3720:          0         0         0         0         0         0         0         0         1         0         0         0
 3732:          0         0         0         1         0         0         0         0         0         0         0         0
 3744:          0         0         0         0         0         0         0         0         0         0         1         0
 3756:          0         0         0         0         0         1         0         0         0         0         0         0
 3768:          0         0         0         1         0         0         0         0         0         0         0         0
 3780:          0         0         0         0         0         1         0         0         0         0         0         0
 3792:          0         1         0         0         0         0         0         0         0         0         0         0
 3804:          0         1         0         0         0         0         0         0         0         2         0         0
 3816:          0         0         0         0         0         0         0         0         0         0         2         0
 3828:          0         0         1         0         0         0         0         0         0         0         0         1
 3840:          2         7         7        10        19         8         6         1         0         1         1         0
 3852:          0         0         0         0         0         0         0         0         0         1         0         0
 3864:          0         0         0         0         0         0         0         0         0         1         0         0
 3876:          0         0         0         0         0         0         0         0         1         0         0         0
 3888:          0         0         0         1         0         0         0         0         0         0         0         0
 3900:          0         0         0         0         0         0         0         0         0         1         0         0
 3912:          0         0         0         0         0         0         0         1         0         0         0         0
 3924:          0         1         0         0         0         0         0         0         0         0         0         0
 3936:          0         0         1         0         0         0         0         0         0         0         0         0
 3948:          0         0         0         0         0         0         0         0         0         0         0         0
 3960:          0         0         0         0         0         0         0         0         0         0         0         0
 3972:          0         0         0         0         0         0         0         0         0         0         0         0
 3984:          0         0         0         0         0         0         0         0         0         0         0         0
 3996:          0         0         0         1         0         0         0         0         0         0         0         1
 4008:          2         1         0         2         2         0         0         0         0         0         1         0
 4020:          0         0         0         0         0         0         0         0         0         1         0         0
 4032:          6        12         9        18        11         8        13        13        10        13         6        13
 4044:         12        10        10        19        10        13        16        11        11        15         9        17
 4056:          5        11         9        20         8         9        10        15        12        11        11         7
 4068:         14        12         9         9        14        16        12        11        12        15        17        11
 4080:         18        17        17        13        14        13        11        11        15        14        11        21
 4092:         15        19        12        13