
GammaVision spectrum printed on 06/03/17 at 18:33:11
>ALUIS MCB 1 Input 2                                                                                                                 
>ABIERTO                                                                                                                             
    0:          0         0         0         0         0         0         0         0         0         0         0         0
   12:          0         0         0         0         0         0         0         0         0         0         0         0
   24:          0         0         0         0         0         0         0         0         0         0         0         0
   36:          0         0         0         0         0         0         0         0         0         0         0         0
   48:          0         0         0         0         1        31        44        59        59        50        83        48
   60:         48        59        58        49        45        43        53        44        32        43        42        35
   72:         51        41        41        37        35        32        39        25        33        28        25        33
   84:         33        31        34        30        25        26        37        26        29        32        37        31
   96:         15        38        26        37        46        26        40        21        43        32        29        30
  108:         24        25        27        26        30        24        29        25        33        32        19        33
  120:         34        24        27        32        27        41        41        27        40        28        40        33
  132:         41        50        31        35        34        40        40        41        37        35        37        31
  144:         45        44        47        44        48        60        50        53        45        56        46        43
  156:         42        46        45        44        49        39        47        54        49        41        51        46
  168:         52        46        44        52        35        51        49        49        45        49        64        60
  180:         54        45        46        38        48        54        45        43        59        46        45        50
  192:         45        42        45        46        47        45        47        43        43        37        42        54
  204:         54        48        45        55        51        47        45        64        49        38        44        47
  216:         34        44        55        45        33        49        48        30        43        43        39        50
  228:         56        56        34        52        44        44        46        41        37        48        43        30
  240:         35        38        52        33        36        46        34        45        48        51        50        55
  252:         40        44        42        24        41        45        35        28        32        45        36        35
  264:         39        29        34        43        37        39        40        32        31        37        26        33
  276:         36        31        39        45        28        41        46        38        28        47        43        27
  288:         27        48        33        26        26        28        32        36        41        35        29        38
  300:         34        29        31        37        34        24        41        33        35        34        22        37
  312:         33        28        31        41        29        22        29        33        42        23        20        18
  324:         33        25        25        39        29        24        38        23        29        23        32        18
  336:         17        28        22        20        26        20        17        32        21        25        31        28
  348:         16        23        23        16        27        32        31        27        24        18        16        28
  360:         12        20        23        34        17        20        26        29        26        23        21        20
  372:         18        29        20        21        16        14        17        24        25        13        15        12
  384:         19        17        20        16        19        16        16        18        14        17        18        20
  396:         20        17        24        34        37        19        21        11        18        25        14        13
  408:         16        13        19        14        16        14        17        17        19        13        15        15
  420:         17        15        17        14        19        17        16        14        17        25        19        12
  432:         20        12        17        11        13        12        21        13        22        15        14        20
  444:         15        12         9        14        15        13        10         8        15        12        11        11
  456:         19        10         8        18        15        18         7        10        12        10        13        11
  468:         17        15        17        13        14        15         9         7         6        14        10        19
  480:         11         8         8        12        13        19        24         9        17         7        22        15
  492:         12        11         6        11        11        12        15         7        15        15        11        14
  504:         11        12        11        14        13        13        14         8        11        10        14        18
  516:         10        15        11         5        10         8         8        11        11        11        10         9
  528:          7         5        12        10         7         7        10         6        13        11        13         6
  540:          7         7        12         7        16        10        13         9         8        10        14        17
  552:         10         8        15        12         6        11         9        11         7        13         6         9
  564:         12         9        11         8        11        12        14        23        20        10         8         4
  576:          5         4         7         8        15         8         9        15         7         7         8        14
  588:         12         9        12        10         8        10         4        10         5         9         9        10
  600:          8         6         4         7        12         9         3        14         7         7        10         8
  612:          9        11         8         6         5         7        11         8         6        10         5         6
  624:         11         7         5         4        10        10         8         6        15         5         5         8
  636:          8         6         5         6         6         4         6         6         6        10         4         9
  648:          7         9         7         7         4        10        11         9         5         9         7         6
  660:          7         7         2         3         4         4         4         3         4         6         5         7
  672:         10         7         5        11         9         9         4         4         3         8         6         8
  684:          5         5        10         4         5         5         4         4         4         4         4         6
  696:          4         5         9         6         3         7         7         5         6         5         7         5
  708:          8         4         3         4         5         6         4         4         2        11         4         2
  720:          4         4         4         3         5         7         4         8         5         1         3         5
  732:          3         2         4         4         6         6         9         4         4        12         4         7
  744:         10         8         8         6         5         6         3         6         7         7         5         5
  756:          2         2         6         4         3         3         0         7         8         7         7         6
  768:          9         6         4         3         5         5         4         3         4         2         5         3
  780:          8         6         6         1         4         2         3         7         7         6         1         2
  792:          5         6         5         5         6         4         6         5         5         2         3         5
  804:          7         4         2         4         5         8         6         9        19        20        17        17
  816:          9         5         5         3         5         4         1         6         4         5         5         1
  828:          5         3         9         8         3         0         3         5         5         2         6         3
  840:          4         7         8         2         4         3         4         1         5         5         5         4
  852:          2         4         6         3         3         6         1         5         1         2         2         8
  864:          3         5         9         3         2         2         3         5         4         2         3         6
  876:          6         6         4         6         3         7         1         5         1         2         3         5
  888:          7         5         3         6         8         8         3         5         5         1         4         2
  900:          6         4         5         6        10         5         4         1         7         6         5         7
  912:          4         4         4         2         6         3         6         4         4         7        16        12
  924:          6         3         3         2         1         2         1         3         4         3         2         6
  936:          4         3         6         1         7         4         4         2         0         3         4         1
  948:          1         3         6         3         5         3         4         3         1         2         2         4
  960:          6        14        13        16         6         4         3         6         0         1         5         3
  972:          2         4         1         1         4         2         1         2         4         4         5         3
  984:          2         4         2         2         3         5         2         3         6         2         6         3
  996:          2         1         2         1         2         3         2         2         2         0         4         3
 1008:          3         3         2         0         5         4         3         1         1         0         1         2
 1020:          1         3         1         0         2         2         5         3         6         5         1         1
 1032:          1         4         2         4         3         1         1         2         0         1         0         2
 1044:          3         0         3         4         4         6         8         3         3         2         3         5
 1056:          5         8         0         7         2         4         2         5         2         1         3         2
 1068:          3         1         4         2         1         2         0         4         1         3         3         1
 1080:          3         6         2         2         4         1         2         1         5         4         3         0
 1092:          4         6         0         4         3         1         2         2         4         5         2         3
 1104:          6         4         4         2         1         3         4         2         3         2         3         3
 1116:          3         2         3         2         2         4         4         3         2         2         2         2
 1128:          2         1         4         4         3         5         3         4         3         6         2         1
 1140:          3         5         3         1         5         2         1         1         2         2         3         2
 1152:          4         4         1         3         5         2         6         2         2         0         1         4
 1164:          2         2         2         2         0         2         1         3         2         3         1         4
 1176:          1         4         4         2         0         2         1         5         5         4         3         3
 1188:          0         3         4         1         2         1         1         4         2         3         2         3
 1200:          1         3         2         3         2         2         5         0         2         3         1         1
 1212:          5         1         1         1         2         3         1         6         2         4         1         0
 1224:          4         1         1         3         0         3         6         4         4         2         3         2
 1236:          2         2         1         1         4         0         0         2         3         7         3         2
 1248:          5         2         1         5         4         3         1         2         1         0         0         2
 1260:          3         3         6         6         2         2         0         3         5         3         1         2
 1272:          1         1         2         1         3         2         9         2         2         3         2         1
 1284:          2         2         2         2         1         1         1         4         1         1         0         4
 1296:          1         2         2         3         2         3         2         1         1         0         3         1
 1308:          1         2         2         2         3         3         2         2         0         1         3         3
 1320:          2         3         1         1         1         1         3         2         2         2         3         1
 1332:          3         2         1         3         1         1         2         2         1         0         1         2
 1344:          1         1         2         3         2         1         4         2         1         2         2         2
 1356:          5         0         3         1         2         2         0         3         1         3         2         6
 1368:          3         2         2         4         0         1         1         3         0         3         2         1
 1380:          1         2         2         3         3         1         4         2         1         1         3         5
 1392:          2         1         1         0         1         3         2         4         1         2         2         2
 1404:          1         1         1         3         1         3         3         1         1         1         2         0
 1416:          0         2         0         3         7        10         8         4         1         1         1         2
 1428:          2         1         2         1         1         1         2         1         2         1         2         3
 1440:          2         1         4         2         3         2         1         0         1         1         1         5
 1452:          1         0         3         1         4         1         2         2         2         1         2         0
 1464:          2         3         0         0         3         2         3         2         1         2         1         1
 1476:          3         1         2         0         2         1         1         0         1         3         2         2
 1488:          2         3         3         0         0         1         3         2         0         2         2         0
 1500:          1         6         4         3         2         2         2         3         1         6         7         2
 1512:          2         2         2         1         1         3         0         1         2         1         6         4
 1524:          1         2         5         0         1         2         3         1         5         3         0         5
 1536:          3         0         1         2         2         0         0         1         1         2         3         0
 1548:          0         0         2         0         0         1         1         3         1         5         1         2
 1560:          5         1         0         0         2         1         2         0         1         1         1         1
 1572:          1         0         1         1         1         3         3         2         2         8         0         4
 1584:          4         1         0         3         0         1         1         0         1         0         1         3
 1596:          3         1         1         3         3         1         2         2         0         0         3         1
 1608:          2         6         4         0         3         1         2         0         0         0         2         0
 1620:          0         1         3         3         2         5         2         4         1         2         0         1
 1632:          0         1         3         0         0         1         2         0         2         1         1         4
 1644:          1         0         1         0         0         1         0         2         0         1         2         0
 1656:          1         1         2         2         3         1         0         2         2         2         1         1
 1668:          1         1         0         2         1         3         0         0         4         1         2         3
 1680:          2         1         0         0         2         2         4         0         1         2         0         0
 1692:          1         1         2         1         1         1         1         2         1         3         1         0
 1704:          2         0         2         3         2         0         2         2         0         1         1         1
 1716:          0         0         0         1         3         0         0         3         1         1         1         0
 1728:          0         2         1         0         0         2         1         0         0         1         4         4
 1740:          2         3         3         3         1         0         2         1         1         3         4         2
 1752:          2         2         2         1         1         0         0         3         2         1         1         1
 1764:          4         3         6         1         3         1         3         2         0         0         0         0
 1776:          2         0         1         2         0         1         0         4         1         3         1         1
 1788:          0         4         1         1         2         2         3         0         2         2         1         3
 1800:          1         0         3         2         1         1         2         1         2         1         1         2
 1812:          0         0         4         2         1         3         0         1         2         1         2         1
 1824:          0         2         2         2         2         0         3         4         1         2         2         2
 1836:          0         2         0         0         0         4         0         2         3         2         0         2
 1848:          1         0         2         0         3         0         2         2         0         2         2         0
 1860:          0         1         0         2         2         0         2         1         2         2         1         1
 1872:          0         3         2         3         1         2         3         1         2         0         2         1
 1884:          1         2         0         2         1         4         3         4         0         0         0         4
 1896:          1         3         2         0         0         2         4         2         0         0         0         2
 1908:          0         0         3         1         2         0         2         3         2         2         3         2
 1920:          4         0         0         1         2         1         2         2         2         0         0         0
 1932:          1         1         0         3         2         0         3         1         0         1         2         2
 1944:          0         1         1         0         2         3         2         3         0         2         1         2
 1956:          0         3         0         2         0         2         1         2         2         1         2         0
 1968:          0         1         1         0         0         1         1         2         1         0         1         0
 1980:          0         0         1         5         3         1         0         3         1         3         0         3
 1992:          1         1         0         0         2         1         2         0         1         0         0         3
 2004:          1         1         1         0         1         0         2         0         2         1         1         3
 2016:          2         0         1         1         0         4         2         2         2         0         1         2
 2028:          1         1         1         4         0         1         0         1         0         0         0         0
 2040:          1         2         1         0         0         0         0         1         1         2         0         0
 2052:          2         0         0         0         1         2         2         2         3         0         1         1
 2064:          1         1         0         1         2         0         0         4         1         1         0         0
 2076:          1         2         0         0         1         4         1         1         1         0         0         1
 2088:          0         1         0         1         2         0         1         0         2         0         0         0
 2100:          0         0         2         1         0         0         0         2         1         1         0         0
 2112:          0         0         0         0         1         1         2         2         1         1         1         0
 2124:          2         0         1         1         0         1         5         1         0         0         2         0
 2136:          0         1         1         0         1         0         2         2         0         0         1         0
 2148:          0         0         1         0         0         0         2         0         1         0         0         1
 2160:          0         2         0         0         1         0         3         0         1         1         1         0
 2172:          1         0         1         3         1         2         1         1         3         1         0         1
 2184:          0         1         1         0         0         0         0         0         1         0         0         0
 2196:          0         0         2         0         0         0         0         0         0         0         0         0
 2208:          2         1         2         0         0         1         0         2         0         0         0         1
 2220:          2         1         0         0         3         1         2         0         0         1         1         0
 2232:          1         1         0         0         1         1         1         0         0         0         0         1
 2244:          1         0         1         1         0         1         0         0         1         4         6        15
 2256:         22        35        28         8         5         0         0         0         1         0         0         0
 2268:          1         0         0         0         0         1         1         1         2         0         0         0
 2280:          0         0         2         2         0         0         2         0         0         0         1         0
 2292:          0         0         0         0         2         0         1         0         0         1         0         0
 2304:          0         0         2         0         0         0         0         1         0         2         0         0
 2316:          0         0         0         0         0         1         1         0         0         0         2         0
 2328:          0         0         2         0         1         0         0         0         1         1         1         0
 2340:          1         1         0         1         1         1         1         0         0         0         0         1
 2352:          1         0         1         2         0         0         0         1         0         0         1         0
 2364:          0         0         0         0         0         0         1         0         1         1         0         0
 2376:          0         0         1         1         1         1         1         0         1         1         0         0
 2388:          1         1         0         0         0         0         0         1         1         2         0         0
 2400:          2         0         1         0         1         0         1         0         0         0         0         0
 2412:          0         0         1         0         0         0         0         1         0         0         1         0
 2424:          0         0         0         0         1         0         2         1         1         1         0         1
 2436:          1         1         0         0         1         0         0         2         0         0         1         0
 2448:          0         0         1         1         0         1         1         1         2         0         2         1
 2460:          0         0         1         0         0         0         1         1         1         1         0         0
 2472:          0         2         0         1         0         1         1         0         1         2         1         0
 2484:          0         0         0         0         0         0         0         1         1         0         0         0
 2496:          1         0         0         1         1         0         1         0         0         0         1         0
 2508:          0         2         0         0         0         0         0         2         0         0         1         0
 2520:          0         0         0         1         1         0         1         0         0         0         0         1
 2532:          0         1         1         0         1         0         0         1         1         0         1         0
 2544:          1         1         0         0         2         1         0         0         0         0         1         1
 2556:          0         0         0         0         0         0         0         0         2         0         0         1
 2568:          0         0         0         0         0         0         0         0         1         0         0         0
 2580:          0         0         0         0         0         0         0         1         1         0         1         1
 2592:          1         0         0         0         2         1         0         1         0         0         0         0
 2604:          0         0         0         0         0         0         0         1         1         3         0         2
 2616:          0         0         0         0         0         0         0         1         2         0         0         0
 2628:          1         1         0         0         0         0         0         0         0         0         0         0
 2640:          0         0         0         0         0         0         0         0         0         2         0         1
 2652:          1         0         0         0         1         0         0         1         0         0         0         0
 2664:          0         0         3         0         0         0         0         0         0         0         0         0
 2676:          0         0         0         2         0         0         0         0         0         0         0         0
 2688:          0         1         2         0         0         0         1         1         0         0         0         0
 2700:          0         1         1         1         0         0         0         0         1         1         0         1
 2712:          0         0         0         0         2         5         2         6         3         2         0         1
 2724:          0         0         0         2         0         0         0         0         0         1         0         1
 2736:          0         1         2         0         2         0         0         1         1         1         1         1
 2748:          0         0         0         0         1         0         0         0         1         0         1         1
 2760:          0         0         0         0         0         0         1         0         1         0         0         0
 2772:          1         0         1         1         1         0         1         1         1         0         2         0
 2784:          0         0         0         1         0         0         0         0         0         0         1         0
 2796:          1         0         0         0         1         0         0         0         0         0         0         0
 2808:          1         0         0         0         0         0         1         1         0         0         1         1
 2820:          1         0         0         0         0         1         1         0         0         0         0         0
 2832:          0         1         0         1         0         1         0         1         0         0         0         0
 2844:          0         0         1         2         0         0         0         0         0         0         0         0
 2856:          0         1         1         1         0         0         0         0         0         0         0         0
 2868:          0         0         0         1         1         0         0         0         0         0         0         0
 2880:          1         0         0         1         0         2         1         2         0         0         0         0
 2892:          0         0         0         1         0         0         1         1         0         0         0         1
 2904:          1         0         0         0         0         0         1         0         1         0         0         0
 2916:          0         0         0         0         0         2         0         0         0         0         0         1
 2928:          0         0         0         1         0         1         0         1         0         1         0         0
 2940:          1         0         0         0         0         0         1         0         0         2         0         0
 2952:          0         0         0         1         1         0         0         1         0         1         2         0
 2964:          0         0         1         0         0         0         0         0         0         0         0         0
 2976:          1         0         0         0         0         0         0         0         0         0         0         2
 2988:          1         0         0         0         0         0         0         1         2         0         0         0
 3000:          0         1         0         0         0         0         0         0         0         0         0         1
 3012:          0         0         0         0         0         0         0         0         0         0         0         0
 3024:          0         1         0         0         1         0         0         0         0         0         0         0
 3036:          0         0         0         0         0         1         0         1         0         0         0         1
 3048:          0         0         0         0         3         0         0         0         0         0         1         0
 3060:          0         1         0         0         1         0         0         0         0         0         0         0
 3072:          2         0         0         0         0         0         0         0         0         0         1         0
 3084:          0         0         0         0         0         0         0         0         0         0         0         0
 3096:          2         1         0         0         0         0         0         0         0         1         0         0
 3108:          0         0         0         0         0         0         1         0         0         0         1         0
 3120:          0         0         0         0         0         0         1         1         0         0         1         1
 3132:          0         0         1         0         0         0         1         0         0         0         0         0
 3144:          0         1         3         0         0         0         0         0         0         0         0         0
 3156:          0         0         1         0         0         0         0         1         0         1         0         0
 3168:          1         0         1         0         1         1         0         0         1         0         0         0
 3180:          0         0         0         1         0         0         1         0         0         0         0         0
 3192:          0         0         1         2         1         0         0         0         0         0         0         1
 3204:          1         0         1         0         0         0         0         0         0         0         1         0
 3216:          0         0         1         0         0         0         0         0         0         1         1         0
 3228:          0         0         0         0         0         0         4         0         0         0         0         0
 3240:          0         0         0         1         0         1         0         0         0         0         0         0
 3252:          0         0         0         2         0         0         0         0         0         0         1         0
 3264:          0         0         2         0         0         0         0         0         0         0         1         1
 3276:          0         0         0         0         0         1         1         0         0         0         0         0
 3288:          0         0         0         1         0         0         0         0         0         0         1         0
 3300:          0         0         0         0         0         0         0         0         0         1         0         0
 3312:          0         0         0         0         1         0         0         0         0         0         0         0
 3324:          2         0         0         0         0         0         0         0         0         0         0         0
 3336:          0         0         0         0         0         0         0         0         1         1         0         0
 3348:          0         1         1         0         0         0         0         0         0         0         0         0
 3360:          0         1         0         0         0         0         1         0         0         0         1         0
 3372:          0         1         0         0         0         0         0         0         0         0         0         0
 3384:          0         1         1         2         1         0         0         1         0         0         0         0
 3396:          1         0         0         0         0         1         0         0         0         1         0         1
 3408:          0         0         0         0         0         0         0         0         0         1         0         0
 3420:          0         0         0         0         0         0         0         0         1         0         0         2
 3432:          0         0         0         0         0         0         1         0         0         0         0         0
 3444:          0         0         0         0         0         2         0         0         0         0         0         2
 3456:          1         0         0         0         0         0         0         0         0         0         0         1
 3468:          0         0         0         0         0         0         0         0         0         0         0         0
 3480:          0         0         1         0         0         0         0         0         0         0         0         0
 3492:          1         0         0         2         0         1         1         0         0         0         1         0
 3504:          0         1         0         1         0         1         0         0         0         0         0         0
 3516:          0         0         0         1         1         0         0         1         0         0         1         0
 3528:          0         0         0         0         0         0         1         0         0         0         0         0
 3540:          0         0         0         0         0         0         1         0         1         0         0         0
 3552:          1         0         3         0         1         0         0         0         1         0         0         0
 3564:          2         0         1         0         3         0         1         0         0         0         0         0
 3576:          0         0         1         1         0         0         0         0         1         0         0         1
 3588:          0         0         0         0         1         1         0         0         0         0         0         0
 3600:          0         0         1         0         0         0         0         0         0         0         0         0
 3612:          0         0         0         2         0         0         1         0         0         0         0         1
 3624:          0         0         0         0         0         1         0         1         0         0         1         0
 3636:          0         0         0         1         0         1         0         0         0         0         0         0
 3648:          0         0         0         1         1         0         0         0         0         0         0         0
 3660:          0         1         0         0         0         0         0         0         0         0         0         0
 3672:          1         0         0         0         1         0         1         0         0         0         0         0
 3684:          0         0         0         0         0         1         1         0         0         0         0         0
 3696:          0         0         0         0         1         1         0         0         0         0         0         0
 3708:          0         0         1         0         0         0         0         0         0         0         0         0
 3720:          0         1         0         0         0         1         0         1         0         0         1         0
 3732:          0         0         0         0         0         0         0         0         1         2         0         0
 3744:          0         0         1         0         0         1         1         0         0         0         1         0
 3756:          1         1         0         0         0         0         0         0         0         0         0         0
 3768:          0         0         0         0         0         0         0         0         0         1         0         0
 3780:          0         0         0         0         0         0         0         0         0         0         0         0
 3792:          0         0         0         0         0         0         0         1         0         0         0         0
 3804:          0         1         0         0         0         0         0         0         0         0         0         0
 3816:          0         0         0         0         0         0         0         0         0         0         0         0
 3828:          0         0         0         0         0         0         0         0         0         0         0         0
 3840:          0         1         0         0         0         0         0         0         0         0         0         0
 3852:          0         0         0         0         0         0         0         0         0         2         0         0
 3864:          0         0         0         1         0         0         1         1         0         0         0         0
 3876:          0         2         1         0         0         0         0         0         0         0         0         0
 3888:          0         0         0         0         0         1         1         0         0         0         0         0
 3900:          0         0         0         0         1         0         1         0         0         0         0         0
 3912:          0         0         0         0         0         0         0         0         0         0         0         0
 3924:          0         0         0         0         0         0         0         0         0         1         0         0
 3936:          0         0         1         0         1         1         0         0         1         0         0         0
 3948:          0         0         0         0         0         0         0         0         1         0         0         0
 3960:          0         0         0         0         0         0         0         0         0         0         0         0
 3972:          0         0         0         0         0         0         0         0         0         0         0         0
 3984:          1         0         0         0         0         0         1         0         0         0         0         0
 3996:          0         0         0         0         0         0         0         0         1         1         0         0
 4008:          4         9         8         5         2         2         0         0         0         0         0         0
 4020:          0         0         0         0         0         0         0         0         0         0         0         0
 4032:         14        23        27        23        22        33        28        22        21        27        21        24
 4044:         19        22        20        20        24        25        29        31        29        27        24        28
 4056:         18        20        20        32        28        20        24        31        17        28        18        28
 4068:         20        17        13        23        20        18        23        21        20        28        17        13
 4080:         22        22        28        24        24        18        20        21        22        31        19        24
 4092:         23        20        14        20